ident 786433 786454 786435 786436 786432
lookupident 786437 5641
identtable 786434 786455 786438 786439 786437
symboltable 786459 786498 786492 786493 786458
symbol 786460 786497 786468 786469 786457
hasst 786495 5641
sunknown -1 5638 0
sconst -1 5638 1
svar -1 5638 2
sparam -1 5638 3
sresult -1 5638 4
sopname -1 5638 5
simport -1 5638 6
sexternal -1 5638 7
catlit -1 5638 0
coblit -1 5638 1
copsig -1 5638 2
copdef -1 5638 3
cunavailablehandler -1 5638 4
ccomp -1 5638 5
cblock -1 5638 6
coutside -1 5638 7
ftree 786532 786545 786535
tree 786533 786546 786536 786537 786531
vot 786540 786543 786541 786542 786538
printable 786534 5641
otree 786552 786555 786553 786554 786551
hasident 786575 5641
hasid 786576 5641
hasconforms 786577 5641
hasstr 786578 5641
hasinstct 786579 5641
hasinstat 786580 5641
hasvariablesize 786581 5641
hasids 786583 5641
hasthisobject 786584 5641
hasinstsize 786582 5641
invoctype 786589 5641
atlittype 786590 5641
attachable 786585 5641
monitorable 786586 5641
hasname 786587 5641
treemaker 786588 5641
aoa 786594 786604 786595 786603 786592
aoi 786609 786619 786610 786618 786607
aoc 786624 786634 786625 786633 786622
aot 786639 786642 786640 786641 786637
iset 786645 786648 786646 786647 786644
iibtable 786650 786660 786651 786652 786649
ittable 786662 786669 786666 786667 786661
objecttable 786672 786674 786673
environment 786675 786678 786677
environmenttype 786676 5641
sitable 786680 786683 786681 786682 786679
cpqueue 786685 5641
cpable 786686 5641
nextoid 786687 786690 786688
oidwriter 786699 786731 786703
cstring 786700 786734 786707 786708 786696
intpair 786701 786737 786712 786713 786697
aoip 786717 786727 786718 786726 786715
cints 786702 786738 786729 786730 786698
bytecode 786749 786822 786815 786816 786748
handlerrecord 786750 786821 786783 786784 786747
inputbuffer 786842 786847 786844 786846 786845
inputthing 786843 5641
ids 786849 786861 786850
eblock 786865 786868 786866 786867 786864
globalref 786871 786874 786872 786873 786870
opname 786877 786879 786878
builtinlit 786881 786887 786884 786885 786880
literal 786939 786942 786940 786941 786938
integerindex -1 5638 6
booleanindex -1 5638 3
characterindex -1 5638 4
nilindex -1 5638 7
realindex -1 5638 10
stringindex -1 5638 11
seq 786958 786969 786967 786968 786957
sseq 786972 786975 786973 786974 786971
sym 786988 786994 786989 786990 786987
scanner 787024 787029 787025 787027 787026
newid 787144 787147 787145
template 787155 787201 787160 787161 787150
opvector 787156 787204 787180 787181 787151
opvectore 787157 787207 787192 787193 787152
ctcode 787158 787211 787199 787200 787154
createone 787159 787210 787197 787198 787153
opnametooid 787235 787237 787236
fielddecl 787245 787248 787246 787247 787244
param 787251 787254 787252 787253 787250
atcode 787272 787346 787281 787282 787267
atopvector 787273 787349 787301 787302 787268
atopvectore 787274 787355 787340 787341 787270
attypevector 787275 787352 787328 787329 787269
refbyid 787276 787356 787342 787343 787271
opsig 787372 787377 787373 787374 787371
assignstat 787403 787408 787404 787405 787402
block 787424 787427 787425 787426 787423
opdef 787431 787435 787432 787433 787430
setq 787453 787458 787454 787455 787452
extdecl 787469 787472 787470 787471 787468
constdecl 787480 787483 787481 787482 787479
vardecl 787497 787500 787498 787499 787496
sugar 787514 787516 787515
aatable 787521 787524 787522 787523 787520
aabtable 787526 787529 787527 787528 787525
atlit 787531 787538 787534 787535 787530
conformer 787532 787539 787536
oblit 787623 787631 787624 787625 787622
wherewidgit 787706 787709 787707 787708 787705
op_where -1 5638 1
op_suchthat -1 5638 2
op_forall -1 5638 3
formattedoutput 787719 787731 787725
outthingtostring 787720 787729 787722 787724 787723
siiiatable 787746 787749 787747 787748 787745
invoccache 787750 787752 787751
primstat 787765 787769 787766 787767 787764
invoc 787783 787788 787784 787785 787782
starinvoc 787889 787892 787890 787891 787888
questinvoc 787905 787908 787906 787907 787904
comp 787918 787930 787920 787921 787917
xexport 787941 787948 787945 787946 787940
arg 788000 788003 788001 788002 787999
assertstat 788006 788009 788007 788008 788005
elseclause 788013 788016 788014 788015 788012
initdef 788019 788022 788020 788021 788018
recoverydef 788025 788028 788026 788027 788024
xclass 788033 788037 788034 788035 788032
selflit 788071 788074 788072 788073 788070
ifclause 788080 788083 788081 788082 788079
ifstat 788093 788096 788094 788095 788092
enumlit 788106 788117 788107 788108 788105
exitstat 788175 788178 788176 788177 788174
exp 788186 788189 788187 788188 788185
fieldsel 788228 788231 788229 788230 788227
loopstat 788236 788239 788237 788238 788235
movestat 788243 788246 788244 788245 788242
newexp 788260 788263 788261 788262 788259
selection 788269 788272 788270 788271 788268
processdef 788275 788278 788276 788277 788274
recordlit 788284 788287 788285 788286 788283
returnandfailstat 788309 788312 788310 788311 788308
returnstat 788316 788319 788317 788318 788315
vectorlit 788323 788332 788328 788329 788322
subscript 788377 788380 788378 788379 788376
unaryexp 788385 788388 788386 788387 788384
xfailure 788432 788435 788433 788434 788431
xunavail 788438 788441 788439 788440 788437
xview 788444 788447 788445 788446 788443
waitstat 788458 788461 788459 788460 788457
signalstat 788466 788469 788467 788468 788465
acceptstat 788475 788478 788476 788477 788474
yystype 786533 786546 786536 786537 786531
yylextype 788489 5641
parsercreator 788488 788503 788491 788493 788492
cp 788544 788562 788545 788546 788543
stringstream 788577 788580 788578 788579 788576
compiler 788582 788621 788583 788585 788584
